1.3
414
709
710
718
721
710
707
714
722
728
720
727
723
718
707
709
704
700
687
698
698
694
706
710
726
735
733
733
724
724
703
697
692
692
687
689
688
686
676
688
686
685
685
686
687
674
681
676
679
686
678
691
687
689
666
661
664
661
659
661
656
654
639
653
658
650
666
678
668
674
684
699
725
742
745
736
733
723
712
678
688
684
687
679
684
688
697
702
704
698
710
722
729
741
736
731
716
712
704
699
713
714
729
719
726
727
732
719
726
724
734
712
721
721
722
703
694
675
683
676
670
683
690
705
719
724
743
766
757
756
746
732
733
733
722
709
709
713
714
717
729
722
719
723
729
712
709
707
694
704
695
701
702
722
726
726
744
751
760
761
769
770
769
751
722
707
714
706
690
687
688
695
685
689
695
693
691
700
687
674
698
692
697
706
707
692
698
690
688
687
687
687
677
673
682
686
686
703
717
718
721
707
700
687
695
699
710
720
720
706
724
705
711
711
699
701
699
702
720
725
710
697
709
673
678
687
698
712
729
760
785
784
804
811
787
784
766
745
737
722
726
717
726
729
732
728
736
732
723
721
718
710
717
718
715
727
728
722
725
730
729
721
724
726
719
711
718
715
706
729
731
746
757
757
755
750
739
750
740
756
756
751
742
741
726
726
732
729
729
731
752
759
757
744
719
722
726
729
701
707
716
714
704
726
729
735
733
731
718
723
708
707
702
690
691
692
690
707
712
713
706
717
714
706
708
690
698
698
685
694
693
695
703
693
697
688
689
711
727
740
744
731
743
732
736
716
717
729
746
765
753
758
757
756
739
734
736
729
731
735
717
705
710
691
708
719
723
741
759
785
776
781
775
745
747
737
734
729
738
728
733
734
742
753
742
735
722
719
698
702
682
684
678
689
699
689
704
713
704
696
693
684
683
673
657
656
661
666
687
693
725
737
728
719
711